test #1
input: 
1 2 3 4
5 6 7 8
9 8 7 6
5 4 3 2

output: 
1 5 9 5
2 6 8 4
3 7 7 3
4 8 6 2

test #2
input: 
4 3 2 1
8 7 6 5
9 18 11 12
13 14 15 16

output: 
4 8 9 13
3 7 18 14
2 6 11 15
1 5 12 16
